
$orca_opt_file

$trust
    0.300000000000

$epredict
    0.000000000000

$ediffsc
  1000.000000000000

$ctyp
  3

$coordinates
 5 12
   0.00266073   0.00098455   0.73091772   1.89337142  -0.43452552  -0.25024698
  -1.32510809  -1.42474579  -0.23679780  -0.57092406   1.85828676  -0.24387105

   0.00188992   0.00090919   0.68618646   1.84499136  -0.42338839  -0.23536381
  -1.29093244  -1.38862237  -0.22192006  -0.55594885   1.81110157  -0.22890070

   0.00142537   0.00084653   0.64776026   1.85042283  -0.42452110  -0.22268589
  -1.29461044  -1.39301360  -0.20900932  -0.55723776   1.81668818  -0.21606316

   0.00118848   0.00074487   0.61070252   1.86907536  -0.42851937  -0.21044379
  -1.30774604  -1.40721339  -0.19654231  -0.56251780   1.83498788  -0.20371452

   0.00141118   0.00059820   0.60145691   1.87640444  -0.43004995  -0.20731433
  -1.31293924  -1.41210308  -0.19345202  -0.56487638   1.84155483  -0.20068867


# redundant internal coordinates
#  nbonds nangles ndihedrals nimpropers ncartesians
# bond  definitions A B
# angle definitions A B C
# dihedral definitions A B C D
# improper torsion definitions A B C D
# cartesian definitions A x/y/z
$redundant_internals
 3 3 0 1 0
   1   0   0
   2   0   0
   3   0   0
   1   0   3   0   0
   2   0   3   0   0
   1   0   2   0   0
   1   3   2   0   0
$energies
 5
 -39.9240799975925924
 -39.9269180309472702
 -39.9273570259041506
 -39.9275593072580222
 -39.9275738776494222

$gradients
 5 12
   0.0003420950152721   0.0000069204392707   0.0356575194818119   0.0166703328619593
  -0.0037717177816649  -0.0118250910919995  -0.0118157022190517  -0.0127160150851515
  -0.0120896206637443  -0.0051967048876778   0.0164808222970555  -0.0117406208061448

   0.0000288257320466  -0.0000097809521644   0.0126550353089073   0.0005837807220191
  -0.0000792928211602  -0.0041927812499050  -0.0003798212514500  -0.0005250990671737
  -0.0043775541942131  -0.0002327821221954   0.0006141764692518  -0.0040836423947574

  -0.0001166066776929   0.0000005809535295   0.0040630930495851  -0.0022361363169646
   0.0005501003048575  -0.0013867790969163   0.0016815339877696   0.0016207691898331
  -0.0014194304162053   0.0006712092756581  -0.0021714476007634  -0.0012560348716013

  -0.0001284860270058   0.0000542901694200   0.0002165609904937  -0.0011072003907599
   0.0002795790563830  -0.0001538134126606   0.0008736945706956   0.0007257929103473
  -0.0000370904687693   0.0003619922368750  -0.0010596585399569  -0.0000248749682441

  -0.0000704125780260   0.0000402459620916  -0.0000070893275946  -0.0000894649318766
   0.0000507001819743  -0.0000777775008799   0.0001325223690243  -0.0000024056814739
   0.0000631447475264   0.0000273560924961  -0.0000885369549312   0.0000225066918917


$redundant_coords
 5 7
   2.1741987205672064   2.1753506352232801   2.1745767800043443   1.7702843041600638
   1.7715097186018520   1.7708789851104696  -1.2517432820525094
   2.1038788587836392   2.1040069103685548   2.1036551585355849   1.7878028642579293
   1.7901548861552097   1.7885635198095271  -1.2187350762482516
   2.0874400011343179   2.0872491531067170   2.0870017467940403   1.8150299709237800
   1.8182311403434024   1.8160027382375379  -1.1654730010266241
   2.0850780460392300   2.0850180437620209   2.0845832397474195   1.8437112349937290
   1.8474699277635274   1.8451174641791011  -1.1060044065894550
   2.0869040437174786   2.0868929333681869   2.0864420516711677   1.8514006519451114
   1.8544990692769050   1.8530793412529656  -1.0895577656370650

$redundant_gradients
 5 7
   0.0206027352055039   0.0208567053567903   0.0207640207190956  -0.0018591636858394
  -0.0044085205648654  -0.0018984041799454  -0.0039563064566539
   0.0023720664891795   0.0024202174604136   0.0024081847015476  -0.0021763177573117
  -0.0050190309967881  -0.0022124845270141  -0.0047998608329988
  -0.0015156249445389  -0.0015673013732931  -0.0015242612610872  -0.0012959099164002
  -0.0029439715287957  -0.0013527215441244  -0.0030864996630232
  -0.0010014335835274  -0.0010173380922998  -0.0010146612885634  -0.0003104662477903
  -0.0005277744028480  -0.0003575840484547  -0.0007719546469944
  -0.0000763348903315  -0.0000910124742318  -0.0000932120217057  -0.0000346478961247
   0.0000512501288794  -0.0000599648678358  -0.0000676334842056

$hessian_approx
 12 12
                  0          1          2          3          4          5    
      0       0.448028   0.000061  -0.000743  -0.207589   0.028132   0.146428
      1       0.000061   0.448206  -0.001969   0.028557  -0.092514  -0.033067
      2      -0.000743  -0.001969   0.194986   0.099291  -0.021361  -0.064540
      3      -0.207589   0.028557   0.099291   0.251703  -0.041663  -0.103698
      4       0.028132  -0.092514  -0.021361  -0.041663   0.081332   0.023313
      5       0.146428  -0.033067  -0.064540  -0.103698   0.023313   0.071612
      6      -0.143943  -0.064395  -0.068985  -0.034098  -0.027597  -0.018595
      7      -0.062417  -0.154742  -0.073177  -0.008864   0.017865   0.015929
      8      -0.101729  -0.108687  -0.066770   0.007441   0.023440  -0.002967
      9      -0.096497   0.035777  -0.029561  -0.010016   0.041130  -0.024134
     10       0.034224  -0.200949   0.096507   0.021971  -0.006683  -0.006176
     11      -0.043957   0.143722  -0.063666  -0.003028  -0.025393  -0.004107
                  6          7          8          9         10         11    
      0      -0.143943  -0.062417  -0.101729  -0.096497   0.034224  -0.043957
      1      -0.064395  -0.154742  -0.108687   0.035777  -0.200949   0.143722
      2      -0.068985  -0.073177  -0.066770  -0.029561   0.096507  -0.063666
      3      -0.034098  -0.008864   0.007441  -0.010016   0.021971  -0.003028
      4      -0.027597   0.017865   0.023440   0.041130  -0.006683  -0.025393
      5      -0.018595   0.015929  -0.002967  -0.024134  -0.006176  -0.004107
      6       0.159128   0.095424   0.071089   0.018912  -0.003429   0.016491
      7       0.095424   0.175397   0.076058  -0.024142  -0.038520  -0.018815
      8       0.071089   0.076058   0.072802   0.023200   0.009189  -0.003068
      9       0.018912  -0.024142   0.023200   0.087601  -0.052765   0.030492
     10      -0.003429  -0.038520   0.009189  -0.052765   0.246153  -0.099516
     11       0.016491  -0.018815  -0.003068   0.030492  -0.099516   0.070841

$bmatrix
 7 12
                  0          1          2          3          4          5    
      0      -0.898457   0.206357   0.387546   0.898457  -0.206357  -0.387546
      1       0.629812   0.676940   0.380905   0.000000   0.000000   0.000000
      2       0.271413  -0.882343   0.384456   0.000000   0.000000   0.000000
      3       0.399384   0.430462  -0.491655   0.011269  -0.411511   0.245243
      4      -0.575822   0.131175  -0.489002   0.000000   0.000000   0.000000
      5       0.171370  -0.563457  -0.490197   0.189366   0.366421   0.243903
      6       0.314704  -0.075690  -1.056888   0.181410  -0.039742   0.441728
                  6          7          8          9         10         11    
      0       0.000000   0.000000   0.000000   0.000000   0.000000   0.000000
      1      -0.629812  -0.676940  -0.380905   0.000000   0.000000   0.000000
      2       0.000000   0.000000   0.000000  -0.271413   0.882343  -0.384456
      3       0.000000   0.000000   0.000000  -0.410653  -0.018952   0.246412
      4       0.223465  -0.345829   0.245113   0.352357   0.214655   0.243889
      5      -0.360736   0.197036   0.246294   0.000000   0.000000   0.000000
      6      -0.248435   0.057804   0.308049  -0.247678   0.057628   0.307111

