
$orca_hessian_file

$act_atom
  0

$act_coord
  0

$act_energy
      -39.584999

$hessian
12
                    0                  1                  2                  3                  4        
    0      6.2568851615E-01   4.5615436828E-04   4.0207700937E-03  -3.4367875214E-01   6.6280380196E-02
    1      4.5615436828E-04   6.2825351470E-01   3.1773598753E-03   6.6244412041E-02  -7.4203825242E-02
    2      4.0207700937E-03   3.1773598753E-03   1.8783359540E-01  -1.8403662654E-03   4.2580393274E-04
    3     -3.4367875214E-01   6.6244412041E-02  -1.8403662654E-03   3.4778742565E-01  -7.0624681187E-02
    4      6.6280380196E-02  -7.4203825242E-02   4.2580393274E-04  -7.0624681187E-02   6.0602312460E-02
    5     -1.8274090922E-03   4.3185081877E-04  -6.3855411959E-02   2.1740364133E-03  -2.8380132628E-04
    6     -1.9700831786E-01  -1.5022804055E-01  -2.4923239302E-03  -5.9724117130E-03  -1.7917015768E-02
    7     -1.5027860667E-01  -2.2016972680E-01  -2.5957684707E-03   6.6518895734E-03   1.0594888242E-02
    8     -2.5091639932E-03  -2.6058398412E-03  -6.1611366739E-02  -1.5933309282E-04  -2.1593027662E-04
    9     -8.4680091624E-02   8.3731025931E-02   3.1737547124E-04   1.7001224940E-03   2.2327576432E-02
   10      8.3702932081E-02  -3.3352915503E-01  -1.0027860817E-03  -2.2992590077E-03   3.0471556378E-03
   11      3.1889408208E-04  -1.0012130263E-03  -6.3414200426E-02  -1.8566270519E-04   7.2643391295E-05
                    5                  6                  7                  8                  9        
    0     -1.8274090922E-03  -1.9700831786E-01  -1.5027860667E-01  -2.5091639932E-03  -8.4680091624E-02
    1      4.3185081877E-04  -1.5022804055E-01  -2.2016972680E-01  -2.6058398412E-03   8.3731025931E-02
    2     -6.3855411959E-02  -2.4923239302E-03  -2.5957684707E-03  -6.1611366739E-02   3.1737547124E-04
    3      2.1740364133E-03  -5.9724117130E-03   6.6518895734E-03  -1.5933309282E-04   1.7001224940E-03
    4     -2.8380132628E-04  -1.7917015768E-02   1.0594888242E-02  -2.1593027662E-04   2.2327576432E-02
    5      2.2670032511E-02  -3.3396486812E-04  -2.5028900545E-06   2.0674624070E-02  -1.3837348229E-05
    6     -3.3396486812E-04   1.9153156697E-01   1.6008313692E-01   2.8595092937E-03   1.1244306089E-02
    7     -2.5028900545E-06   1.6008313692E-01   2.1602456510E-01   2.9155999752E-03  -1.6685165206E-02
    8      2.0674624070E-02   2.8595092937E-03   2.9155999752E-03   2.0588678454E-02  -1.9471532144E-04
    9     -1.3837348229E-05   1.1244306089E-02  -1.6685165206E-02  -1.9471532144E-04   7.1782780765E-02
   10     -1.4597722776E-04   7.8488832400E-03  -6.6667793210E-03  -9.7407607118E-05  -8.9293622386E-02
   11      2.0862888004E-02  -2.4078133228E-05  -3.0582324937E-04   2.0690134409E-02  -1.0973060479E-04
                   10                 11        
     0      8.3702932081E-02   3.1889408208E-04
     1     -3.3352915503E-01  -1.0012130263E-03
     2     -1.0027860817E-03  -6.3414200426E-02
     3     -2.2992590077E-03  -1.8566270519E-04
     4      3.0471556378E-03   7.2643391295E-05
     5     -1.4597722776E-04   2.0862888004E-02
     6      7.8488832400E-03  -2.4078133228E-05
     7     -6.6667793210E-03  -3.0582324937E-04
     8     -9.7407607118E-05   2.0690134409E-02
     9     -8.9293622386E-02  -1.0973060479E-04
    10      3.3697449279E-01   1.2337920032E-03
    11      1.2337920032E-03   2.2214358922E-02

$vibrational_frequencies
12
    0        0.000000
    1        0.000000
    2        0.000000
    3        0.000000
    4        0.000000
    5        0.000000
    6     1380.005952
    7     1389.355900
    8     1439.509247
    9     3074.965359
   10     3283.250447
   11     3284.223436

$normal_modes
12 12
                    0                  1                  2                  3                  4        
    0      0.0000000000E+00   0.0000000000E+00   0.0000000000E+00   0.0000000000E+00   0.0000000000E+00
    1      0.0000000000E+00   0.0000000000E+00   0.0000000000E+00   0.0000000000E+00   0.0000000000E+00
    2      0.0000000000E+00   0.0000000000E+00   0.0000000000E+00   0.0000000000E+00   0.0000000000E+00
    3      0.0000000000E+00   0.0000000000E+00   0.0000000000E+00   0.0000000000E+00   0.0000000000E+00
    4      0.0000000000E+00   0.0000000000E+00   0.0000000000E+00   0.0000000000E+00   0.0000000000E+00
    5      0.0000000000E+00   0.0000000000E+00   0.0000000000E+00   0.0000000000E+00   0.0000000000E+00
    6      0.0000000000E+00   0.0000000000E+00   0.0000000000E+00   0.0000000000E+00   0.0000000000E+00
    7      0.0000000000E+00   0.0000000000E+00   0.0000000000E+00   0.0000000000E+00   0.0000000000E+00
    8      0.0000000000E+00   0.0000000000E+00   0.0000000000E+00   0.0000000000E+00   0.0000000000E+00
    9      0.0000000000E+00   0.0000000000E+00   0.0000000000E+00   0.0000000000E+00   0.0000000000E+00
   10      0.0000000000E+00   0.0000000000E+00   0.0000000000E+00   0.0000000000E+00   0.0000000000E+00
   11      0.0000000000E+00   0.0000000000E+00   0.0000000000E+00   0.0000000000E+00   0.0000000000E+00
                    5                  6                  7                  8                  9        
    0      0.0000000000E+00  -6.1298982687E-02  -6.6471696674E-02  -4.3184652018E-04   1.6550723152E-04
    1      0.0000000000E+00   6.6189468642E-02  -6.1176995878E-02  -9.1457891203E-04   8.2372675752E-05
    2      0.0000000000E+00   6.2559704955E-04  -2.3845561714E-05   1.4383957548E-01  -1.1185898992E-04
    3      0.0000000000E+00  -1.7662668789E-01   1.0110788309E-01   4.7705545720E-03  -5.6194217237E-01
    4      0.0000000000E+00  -4.2689328821E-01   6.6164013263E-01   1.3263377687E-03   1.3086060005E-01
    5      0.0000000000E+00  -7.1726304616E-03   1.4215388676E-03  -5.7138575042E-01  -3.4361395403E-03
    6      0.0000000000E+00   5.9585507892E-01  -1.7123990946E-02   2.3996319814E-03   3.9117385422E-01
    7      0.0000000000E+00  -5.4217484182E-01  -1.0756496391E-01   8.3625127071E-03   4.2236094907E-01
    8      0.0000000000E+00  -1.3442380683E-03  -4.5017432742E-03  -5.7093893542E-01   6.5267132307E-03
    9      0.0000000000E+00   3.1119034018E-01   7.0807121575E-01  -2.0244439404E-03   1.6879618783E-01
   10      0.0000000000E+00   1.8037595954E-01   1.7489000737E-01   1.2089742389E-03  -5.5420307513E-01
   11      0.0000000000E+00   1.0624576548E-03   3.3643403607E-03  -5.7162089064E-01  -1.7576983650E-03
                   10                 11        
     0     -1.0192582455E-01   7.1103829006E-03
     1      7.2128864841E-03   1.0220530018E-01
     2     -8.6709555073E-04   8.0231265390E-04
     3      7.8156173416E-01   1.2436139542E-01
     4     -1.8076918651E-01  -3.0265476723E-02
     5      5.5431996253E-03   5.5339423416E-04
     6      3.4807194508E-01  -4.3047795024E-01
     7      3.7384974942E-01  -4.6424504774E-01
     8      5.6590509818E-03  -7.0338293671E-03
     9      8.4881279761E-02   2.2139154587E-01
    10     -2.7902697120E-01  -7.2333457523E-01
    11     -8.7022217475E-04  -3.0796613809E-03

#
# The atoms: label  mass x y z (in bohrs)
#
$atoms
4
 C     12.01100      0.000211901441     0.000428909038     0.000173297998
 H      1.00800      2.006875192878    -0.463069798141     0.013864526254
 H      1.00800     -1.404728608072    -1.507187516063    -0.021803554453
 H      1.00800     -0.602356596522     1.969828405167     0.007784627462

$actual_temperature
  0.000000

$frequency_scale_factor
  1.000000

$dipole_derivatives
12
   -4.7383904698E-01   -2.0878203791E-03   -2.4758463997E-03
   -1.3841869254E-03   -4.7588294050E-01   -1.8251507714E-03
   -2.5793779654E-03   -2.0648808348E-03   -1.8567444256E-01
    1.8174868615E-01   -1.2009919069E-02    8.8690572113E-04
   -1.0109965756E-02    1.3561096327E-01    3.9583424850E-04
    5.6445160401E-04    4.6406140463E-04    7.0376881273E-02
    1.6002308701E-01    2.8809389605E-02    1.0669471343E-03
    2.9824214680E-02    1.6527615293E-01    8.4031080001E-04
    1.0610778607E-03    8.2118419292E-04    7.3242033484E-02
    1.3723424370E-01   -1.0739124221E-02    5.5700636795E-04
   -1.5115866265E-02    1.8064992522E-01    6.2533370032E-04
    5.6940590109E-04    4.7635980487E-04    7.0203698327E-02

#
# The IR spectrum
#  wavenumber eps Int TX TY TZ
#
$ir_spectrum
12
      0.00   0.00000000   0.00000000     0.000000     0.000000     0.000000
      0.00   0.00000000   0.00000000     0.000000     0.000000     0.000000
      0.00   0.00000000   0.00000000     0.000000     0.000000     0.000000
      0.00   0.00000000   0.00000000     0.000000     0.000000     0.000000
      0.00   0.00000000   0.00000000     0.000000     0.000000     0.000000
      0.00   0.00000000   0.00000000     0.000000     0.000000     0.000000
   1380.01   0.00553079  27.95036450     0.023988    -0.025986    -0.000094
   1389.36   0.00573419  28.97825256     0.026194     0.024532     0.000205
   1439.51   0.00345912  17.48097659    -0.000042     0.000174    -0.027383
   3074.97   0.00000446   0.02254838     0.000447     0.000502     0.000029
   3283.25   0.01302991  65.84781382     0.035126    -0.002123     0.000297
   3284.22   0.01320525  66.73393764    -0.002814    -0.035309    -0.000272


$end

