
$orca_opt_file

$trust
    0.300000000000

$epredict
    0.000000000000

$ediffsc
  1000.000000000000

$ctyp
  3

$coordinates
 4 12
   0.00058204  -0.00014362   0.00250956   2.03027074  -0.46839130   0.01323942
  -1.42092854  -1.52324966  -0.02282411  -0.60992234   1.99178457   0.00707702

   0.00058949   0.00026630  -0.00725733   2.00694137  -0.46293984   0.01633711
  -1.40489990  -1.50647432  -0.01932373  -0.60262907   1.96914786   0.01024584

   0.00021282   0.00025812   0.02181994   2.00411249  -0.46231754   0.00661849
  -1.40276382  -1.50470248  -0.02898091  -0.60155960   1.96676191   0.00054437

   0.00034805   0.00038767   0.00024761   2.00704732  -0.46310564   0.01383189
  -1.40486243  -1.50703139  -0.02182733  -0.60253106   1.96974936   0.00774971


# redundant internal coordinates
#  nbonds nangles ndihedrals nimpropers ncartesians
# bond  definitions A B
# angle definitions A B C
# dihedral definitions A B C D
# improper torsion definitions A B C D
# cartesian definitions A x/y/z
$redundant_internals
 3 3 0 1 0
   1   0   0
   2   0   0
   3   0   0
   1   0   3   0   0
   2   0   3   0   0
   1   0   2   0   0
   1   3   2   0   0
$energies
 4
 -39.5847095290301283
 -39.5849897313708610
 -39.5849163308599117
 -39.5849990981514566

$gradients
 4 12
  -0.0000094643622981  -0.0004080236762422   0.0006123674847545   0.0080015413898273
  -0.0017706356975898  -0.0001403695500082  -0.0054699533990264  -0.0057337411679331
  -0.0002961017139561  -0.0025221214771563   0.0079124005713983  -0.0001758944011412

   0.0001028144139195  -0.0001181246054262  -0.0018619683954495  -0.0000831374086877
   0.0000907331396319   0.0006385855040486   0.0000306903225130   0.0001427036142784
   0.0006024503482697  -0.0000503643897089  -0.0001153093121596   0.0006209284558619

   0.0000652445660596  -0.0000533850941024   0.0053921964179601  -0.0010187776566198
   0.0003114279752373  -0.0018216335046349   0.0006742354120825   0.0007828890076650
  -0.0017517682734544   0.0002793006563836  -0.0010409285885797  -0.0018187825041210

   0.0000623293043573  -0.0000671570036127   0.0000165715338544   0.0000301977653327
   0.0000504503204506   0.0000040803835334  -0.0000360285102942   0.0000080406839397
  -0.0000114957758210  -0.0000564956112614   0.0000086691228546  -0.0000091559583118


$redundant_coords
 4 7
   2.0830283816331692   2.0835513237509162   2.0833901160220991   2.0949060953446930
   2.0932702594609038   2.0949955971471552  -0.0048064544726541
   2.0592630998010328   2.0605371396260028   2.0592895884839191   2.0948156336247372
   2.0936785813779184   2.0945761940454277   0.0141014694740329
   2.0566529144565142   2.0581133554455739   2.0566282706359367   2.0944878290657578
   2.0937869228302803   2.0938718506383895  -0.0424071380636277
   2.0595758147719385   2.0609260136334693   2.0595885477010856   2.0948148422043986
   2.0942093426198110   2.0941609952464120  -0.0004691608945548

$redundant_gradients
 4 7
   0.0081939590477488   0.0079269414296212   0.0083037159864839   0.0000155181048503
  -0.0001277651793387   0.0001100210904299  -0.0004002054034591
  -0.0000941537241329  -0.0001287412983509  -0.0000902269977757  -0.0000030232783916
  -0.0001166025764143   0.0000987551347665   0.0012798273826282
  -0.0010494140359564  -0.0009884867272404  -0.0010583971097897  -0.0000329407685602
  -0.0001898900708597   0.0000401019309370  -0.0037266030535947
   0.0000181020174820   0.0000188077143971   0.0000247868903826  -0.0000030270589230
  -0.0000573115988991   0.0000603325192754  -0.0000113132138321

$hessian_approx
 12 12
                  0          1          2          3          4          5    
      0       0.813213   0.000088   0.005144  -0.337414   0.031999  -0.001200
      1       0.000088   0.812677   0.005202   0.032981  -0.205754  -0.001237
      2       0.005144   0.005202   0.186851  -0.002677  -0.000720  -0.063211
      3      -0.337414   0.032981  -0.002677   0.333259  -0.046795   0.002163
      4       0.031999  -0.205754  -0.000720  -0.046795   0.142991   0.000509
      5      -0.001200  -0.001237  -0.063211   0.002163   0.000509   0.021399
      6      -0.265436  -0.073522  -0.002070  -0.010393  -0.046844  -0.000880
      7      -0.072406  -0.276445  -0.002532   0.009517   0.044256   0.000409
      8      -0.002764  -0.003003  -0.060900   0.000183  -0.000087   0.020587
      9      -0.210363   0.040454  -0.000398   0.014547   0.061640  -0.000083
     10       0.040320  -0.330477  -0.001949   0.004296   0.018506   0.000319
     11      -0.001181  -0.000961  -0.062741   0.000330   0.000299   0.021224
                  6          7          8          9         10         11    
      0      -0.265436  -0.072406  -0.002764  -0.210363   0.040320  -0.001181
      1      -0.073522  -0.276445  -0.003003   0.040454  -0.330477  -0.000961
      2      -0.002070  -0.002532  -0.060900  -0.000398  -0.001949  -0.062741
      3      -0.010393   0.009517   0.000183   0.014547   0.004296   0.000330
      4      -0.046844   0.044256  -0.000087   0.061640   0.018506   0.000299
      5      -0.000880   0.000409   0.020587  -0.000083   0.000319   0.021224
      6       0.230058   0.105896   0.002699   0.045770   0.014470   0.000249
      7       0.105896   0.246076   0.002813  -0.043008  -0.013886  -0.000689
      8       0.002699   0.002813   0.019875  -0.000120   0.000279   0.020437
      9       0.045770  -0.043008  -0.000120   0.150046  -0.059085   0.000602
     10       0.014470  -0.013886   0.000279  -0.059085   0.325857   0.001351
     11       0.000249  -0.000689   0.020437   0.000602   0.001351   0.021079

$bmatrix
 7 12
                  0          1          2          3          4          5    
      0      -0.974326   0.225043  -0.006596   0.974326  -0.225043   0.006596
      1       0.681835   0.731428   0.010711   0.000000   0.000000   0.000000
      2       0.292718  -0.956192  -0.003643   0.000000   0.000000   0.000000
      3       0.573490   0.615175   0.008614  -0.109241  -0.473072  -0.003893
      4      -0.819163   0.188764  -0.005943   0.000000   0.000000   0.000000
      5       0.245679  -0.803934  -0.003461   0.109238   0.473071   0.004156
      6       0.012518   0.009498  -1.456049  -0.004026  -0.003201   0.485510
                  6          7          8          9         10         11    
      0       0.000000   0.000000   0.000000   0.000000   0.000000   0.000000
      1      -0.681835  -0.731428  -0.010711   0.000000   0.000000   0.000000
      2       0.000000   0.000000   0.000000  -0.292718   0.956192   0.003643
      3       0.000000   0.000000   0.000000  -0.464250  -0.142102  -0.004721
      4       0.354915  -0.330865   0.000959   0.464247   0.142101   0.004984
      5      -0.354918   0.330863  -0.000696   0.000000   0.000000   0.000000
      6      -0.004244  -0.003147   0.485020  -0.004248  -0.003150   0.485519

