
$orca_opt_file

$trust
    0.300000000000

$epredict
    0.000000000000

$ediffsc
  1000.000000000000

$ctyp
  3

$coordinates
 4 12
   0.00025511  -0.00035149   0.00182737   2.00312482  -0.46174513   0.01328855
  -1.40199916  -1.50290486  -0.02230633  -0.60137889   1.96500148   0.00720931

   0.00041110   0.00016405  -0.00470546   2.00712191  -0.46270918   0.01549612
  -1.40517776  -1.50692337  -0.02018051  -0.60235336   1.96946850   0.00940875

   0.00031160   0.00045963   0.00590948   2.00918124  -0.46333519   0.01197013
  -1.40665326  -1.50913069  -0.02374327  -0.60283770   1.97200626   0.00588256

   0.00025310   0.00032333   0.00028577   2.00686459  -0.46293501   0.01382771
  -1.40478640  -1.50700995  -0.02184046  -0.60232940   1.96962164   0.00774587


# redundant internal coordinates
#  nbonds nangles ndihedrals nimpropers ncartesians
# bond  definitions A B
# angle definitions A B C
# dihedral definitions A B C D
# improper torsion definitions A B C D
# cartesian definitions A x/y/z
$redundant_internals
 3 3 0 1 0
   1   0   0
   2   0   0
   3   0   0
   1   0   3   0   0
   2   0   3   0   0
   1   0   2   0   0
   1   3   2   0   0
$energies
 4
 -39.5849867311066319
 -39.5849950358912466
 -39.5849903513352999
 -39.5849990937498362

$gradients
 4 12
  -0.0002336146520362  -0.0005477586930578   0.0003992983372307  -0.0014362449468385
   0.0004650735546936  -0.0001377613321586   0.0012829941033105   0.0015405552975371
  -0.0001150836545551   0.0003868656904291  -0.0014578703930581  -0.0001464523581229

   0.0000833278105134  -0.0001204631591008  -0.0012249816320501   0.0000096113855500
   0.0000965307325423   0.0004239454815108  -0.0000511587187948   0.0000394195598676
   0.0003933542254528  -0.0000417774170185  -0.0000154841385214   0.0004076792822874

   0.0002037737218538   0.0001124960911448   0.0014410856465656   0.0007828789914239
  -0.0001089841283292  -0.0004706867383451  -0.0007314431337819  -0.0007595946583232
  -0.0004877243317670  -0.0002552050533182   0.0007560875480613  -0.0004826710589253

   0.0000312432859340  -0.0000889027516841   0.0000240411706764  -0.0000172472777116
   0.0000752993334455   0.0000011613103409   0.0000098067366929   0.0000515353659502
  -0.0000133498077989  -0.0000237999460607  -0.0000379289286554  -0.0000118524720998


$redundant_coords
 4 7
   2.0553594612482926   2.0553749332510010   2.0553843303961172   2.0942467943512288
   2.0936411713841006   2.0952900769661755  -0.0035456339693521
   2.0595018755351311   2.0608813669558748   2.0595349513664845   2.0944002991601978
   2.0940318851227406   2.0947047392434355   0.0091525393486736
   2.0617224862160333   2.0638053051621768   2.0617432360320138   2.0945772231613682
   2.0944218957996243   2.0941106225496986  -0.0114407374303423
   2.0594371413784112   2.0607472450533444   2.0594409823177959   2.0945849227262689
   2.0943700858800622   2.0942301317946872  -0.0005374575452652

$redundant_gradients
 4 7
  -0.0015047331626613  -0.0020001534226440  -0.0015076413582827  -0.0000491532338027
  -0.0001183357748061   0.0001663343145381  -0.0002815487366124
  -0.0000082039887105   0.0000031478516019   0.0000002108254495  -0.0000422273018121
  -0.0000773821668882   0.0001107114458872   0.0008412042286479
   0.0007859562071081   0.0010612795257984   0.0007976517338224  -0.0000285038238033
  -0.0000400744970345   0.0000556032519582  -0.0009819777508980
  -0.0000337301281514  -0.0000442386973887  -0.0000293530417683  -0.0000243891388786
  -0.0000425719302735   0.0000669506728420  -0.0000167382752887

$hessian_approx
 12 12
                  0          1          2          3          4          5    
      0       0.855297   0.000741   0.006766  -0.354856   0.033661  -0.001930
      1       0.000741   0.850998   0.007496   0.029737  -0.212089  -0.001908
      2       0.006766   0.007496   0.181287   0.003771  -0.002827  -0.061303
      3      -0.354856   0.029737   0.003771   0.346585  -0.046127   0.000254
      4       0.033661  -0.212089  -0.002827  -0.046127   0.147427   0.001196
      5      -0.001930  -0.001908  -0.061303   0.000254   0.001196   0.020748
      6      -0.279964  -0.075218  -0.007812  -0.007872  -0.051124   0.000948
      7      -0.078681  -0.284376  -0.009242   0.017411   0.041644   0.002552
      8      -0.003248  -0.003663  -0.059136  -0.002149   0.000554   0.019977
      9      -0.220477   0.044740  -0.002725   0.016143   0.063590   0.000729
     10       0.044278  -0.354531   0.004572  -0.001020   0.023018  -0.001839
     11      -0.001589  -0.001923  -0.060848  -0.001876   0.001076   0.020576
                  6          7          8          9         10         11    
      0      -0.279964  -0.078681  -0.003248  -0.220477   0.044278  -0.001589
      1      -0.075218  -0.284376  -0.003663   0.044740  -0.354531  -0.001923
      2      -0.007812  -0.009242  -0.059136  -0.002725   0.004572  -0.060848
      3      -0.007872   0.017411  -0.002149   0.016143  -0.001020  -0.001876
      4      -0.051124   0.041644   0.000554   0.063590   0.023018   0.001076
      5       0.000948   0.002552   0.019977   0.000729  -0.001839   0.020576
      6       0.240496   0.107962   0.004765   0.047339   0.018379   0.002099
      7       0.107962   0.249273   0.005168  -0.046693  -0.006540   0.001521
      8       0.004765   0.005168   0.019322   0.000631  -0.002059   0.019835
      9       0.047339  -0.046693   0.000631   0.156995  -0.061636   0.001366
     10       0.018379  -0.006540  -0.002059  -0.061636   0.338054  -0.000674
     11       0.002099   0.001521   0.019835   0.001366  -0.000674   0.020437

$bmatrix
 7 12
                  0          1          2          3          4          5    
      0      -0.974349   0.224944  -0.006576   0.974349  -0.224944   0.006576
      1       0.681811   0.731450   0.010737   0.000000   0.000000   0.000000
      2       0.292595  -0.956230  -0.003622   0.000000   0.000000   0.000000
      3       0.573501   0.615168   0.008579  -0.109200  -0.473115  -0.003875
      4      -0.819255   0.188831  -0.005983   0.000000   0.000000   0.000000
      5       0.245762  -0.803993  -0.003500   0.109198   0.473113   0.004177
      6       0.012556   0.009495  -1.456293  -0.004017  -0.003205   0.485542
                  6          7          8          9         10         11    
      0       0.000000   0.000000   0.000000   0.000000   0.000000   0.000000
      1      -0.681811  -0.731450  -0.010737   0.000000   0.000000   0.000000
      2       0.000000   0.000000   0.000000  -0.292595   0.956230   0.003622
      3       0.000000   0.000000   0.000000  -0.464301  -0.142053  -0.004703
      4       0.354957  -0.330882   0.000978   0.464299   0.142051   0.005005
      5      -0.354959   0.330880  -0.000677   0.000000   0.000000   0.000000
      6      -0.004268  -0.003144   0.485172  -0.004271  -0.003146   0.485579

