
$orca_hessian_file

$act_atom
  0

$act_coord
  0

$act_energy
      -39.927574

$hessian
12
                    0                  1                  2                  3                  4        
    0      4.3846307111E-01  -6.0326416009E-04  -1.0437909215E-03  -2.3884335514E-01   4.5723249207E-02
    1     -6.0326416009E-04   4.3950853533E-01  -8.4560579680E-04   4.5668979433E-02  -5.3007204834E-02
    2     -1.0437909215E-03  -8.4560579680E-04   1.6596541530E-01   8.3776530039E-02  -1.8672658861E-02
    3     -2.3884335514E-01   4.5668979433E-02   8.3776530039E-02   2.6525260493E-01  -5.1566170450E-02
    4      4.5723249207E-02  -5.3007204834E-02  -1.8672658861E-02  -5.1566170450E-02   5.5158355513E-02
    5      1.1851794858E-01  -2.6603570355E-02  -5.5200469303E-02  -9.5822819232E-02   2.1316096178E-02
    6     -1.3885925623E-01  -1.0440370986E-01  -5.7506202471E-02  -1.8675526614E-02  -2.0330759128E-02
    7     -1.0436790074E-01  -1.5386232568E-01  -6.1625215305E-02   4.8460962082E-03   4.1249888414E-03
    8     -8.1735240588E-02  -8.7772969517E-02  -5.6716977860E-02   8.3041088865E-03   8.4593548804E-03
    9     -5.9929355138E-02   5.9336414456E-02  -2.5267809909E-02  -8.2759394575E-03   2.6294807952E-02
   10      5.9244422820E-02  -2.3180976461E-01   8.1134163069E-02   1.1637665471E-03  -6.3133908084E-03
   11     -3.5739252929E-02   1.1522168083E-01  -5.4032399945E-02   3.7506369719E-03  -1.1104718145E-02
                    5                  6                  7                  8                  9        
    0      1.1851794858E-01  -1.3885925623E-01  -1.0436790074E-01  -8.1735240588E-02  -5.9929355138E-02
    1     -2.6603570355E-02  -1.0440370986E-01  -1.5386232568E-01  -8.7772969517E-02   5.9336414456E-02
    2     -5.5200469303E-02  -5.7506202471E-02  -6.1625215305E-02  -5.6716977860E-02  -2.5267809909E-02
    3     -9.5822819232E-02  -1.8675526614E-02   4.8460962082E-03   8.3041088865E-03  -8.2759394575E-03
    4      2.1316096178E-02  -2.0330759128E-02   4.1249888414E-03   8.4593548804E-03   2.6294807952E-02
    5      5.1842342433E-02  -1.1257978493E-02   2.3005098406E-03   1.6241930435E-03  -1.1304664411E-02
    6     -1.1257978493E-02   1.5215205419E-01   1.1788278265E-01   6.5627499489E-02   5.1446910023E-03
    7      2.3005098406E-03   1.1788278265E-01   1.6909043714E-01   7.0436508075E-02  -1.8604691861E-02
    8      1.6241930435E-03   6.5627499489E-02   7.0436508075E-02   5.3465236363E-02   7.7354496393E-03
    9     -1.1304664411E-02   5.1446910023E-03  -1.8604691861E-02   7.7354496393E-03   6.3009752933E-02
   10      2.9610135467E-03   6.5919521215E-03  -1.9643042148E-02   8.7934824491E-03  -6.6875975197E-02
   11      1.7288134327E-03   3.1311714965E-03  -1.1117748478E-02   1.6223504067E-03   2.8834413844E-02
                   10                 11        
     0      5.9244422820E-02  -3.5739252929E-02
     1     -2.3180976461E-01   1.1522168083E-01
     2      8.1134163069E-02  -5.4032399945E-02
     3      1.1637665471E-03   3.7506369719E-03
     4     -6.3133908084E-03  -1.1104718145E-02
     5      2.9610135467E-03   1.7288134327E-03
     6      6.5919521215E-03   3.1311714965E-03
     7     -1.9643042148E-02  -1.1117748478E-02
     8      8.7934824491E-03   1.6223504067E-03
     9     -6.6875975197E-02   2.8834413844E-02
    10      2.5726415049E-01  -9.2880322421E-02
    11     -9.2880322421E-02   5.0675986315E-02

$vibrational_frequencies
12
    0        0.000000
    1        0.000000
    2        0.000000
    3        0.000000
    4        0.000000
    5        0.000000
    6      944.452430
    7     1425.298861
    8     1432.681268
    9     2924.481165
   10     3002.787101
   11     3003.541848

$normal_modes
12 12
                    0                  1                  2                  3                  4        
    0      0.0000000000E+00   0.0000000000E+00   0.0000000000E+00   0.0000000000E+00   0.0000000000E+00
    1      0.0000000000E+00   0.0000000000E+00   0.0000000000E+00   0.0000000000E+00   0.0000000000E+00
    2      0.0000000000E+00   0.0000000000E+00   0.0000000000E+00   0.0000000000E+00   0.0000000000E+00
    3      0.0000000000E+00   0.0000000000E+00   0.0000000000E+00   0.0000000000E+00   0.0000000000E+00
    4      0.0000000000E+00   0.0000000000E+00   0.0000000000E+00   0.0000000000E+00   0.0000000000E+00
    5      0.0000000000E+00   0.0000000000E+00   0.0000000000E+00   0.0000000000E+00   0.0000000000E+00
    6      0.0000000000E+00   0.0000000000E+00   0.0000000000E+00   0.0000000000E+00   0.0000000000E+00
    7      0.0000000000E+00   0.0000000000E+00   0.0000000000E+00   0.0000000000E+00   0.0000000000E+00
    8      0.0000000000E+00   0.0000000000E+00   0.0000000000E+00   0.0000000000E+00   0.0000000000E+00
    9      0.0000000000E+00   0.0000000000E+00   0.0000000000E+00   0.0000000000E+00   0.0000000000E+00
   10      0.0000000000E+00   0.0000000000E+00   0.0000000000E+00   0.0000000000E+00   0.0000000000E+00
   11      0.0000000000E+00   0.0000000000E+00   0.0000000000E+00   0.0000000000E+00   0.0000000000E+00
                    5                  6                  7                  8                  9        
    0      0.0000000000E+00   2.3382661260E-04  -6.6915644537E-02   3.7621720419E-02   4.3781177682E-04
    1      0.0000000000E+00   5.3003713487E-05   3.7577844143E-02   6.7007115723E-02   6.6308997730E-04
    2      0.0000000000E+00  -1.3310277286E-01  -5.9782072999E-04   2.7222541894E-04  -4.5602183571E-02
    3      0.0000000000E+00   2.1572856568E-01  -1.8695903301E-01  -1.2287900431E-01  -5.3676985220E-01
    4      0.0000000000E+00  -5.0469244521E-02  -1.7802642745E-01  -7.1868189437E-01   1.2482927746E-01
    5      0.0000000000E+00   5.2978403496E-01  -2.3909690297E-01   7.0928400727E-02   1.8433065345E-01
    6      0.0000000000E+00  -1.5053250110E-01   5.1573480570E-01   2.2917337181E-01   3.6748969968E-01
    7      0.0000000000E+00  -1.5701073261E-01  -5.2887150044E-01  -1.4399271957E-02   3.9460292359E-01
    8      0.0000000000E+00   5.2771214142E-01   6.1511083659E-02  -2.4939407769E-01   1.7621607313E-01
    9      0.0000000000E+00  -6.7982266406E-02   4.6856927347E-01  -5.5458254602E-01   1.6406332985E-01
   10      0.0000000000E+00   2.0684840213E-01   2.5913256479E-01  -6.5353820725E-02  -5.2733336545E-01
   11      0.0000000000E+00   5.2851315379E-01   1.8470925660E-01   1.7522192745E-01   1.8283405405E-01
                   10                 11        
     0     -6.7571706669E-02  -6.1869419663E-02
     1      6.1864486192E-02  -6.7513830534E-02
     2      2.5980841498E-04  -4.4114363676E-04
     3      6.4131936627E-01   3.5109734516E-01
     4     -1.3340543661E-01  -1.0474269026E-01
     5     -2.6596755304E-01  -1.4734689373E-01
     6     -1.5537716705E-02   5.1909557823E-01
     7      2.1452906664E-02   5.5744176108E-01
     8      2.0723278590E-03   3.0256401602E-01
     9      1.7938081948E-01  -1.3297705080E-01
    10     -6.2520455701E-01   3.5177376504E-01
    11      2.6079943265E-01  -1.4996059825E-01

#
# The atoms: label  mass x y z (in bohrs)
#
$atoms
4
 C     12.01100      0.001732294164     0.000422599445     0.600862810741
 H      1.00800      1.877325602960    -0.430113869602    -0.206929371025
 H      1.00800     -1.313673843700    -1.412037788810    -0.193350329762
 H      1.00800     -0.565384053424     1.841729058967    -0.200583109954

$actual_temperature
  0.000000

$frequency_scale_factor
  1.000000

$dipole_derivatives
12
    5.2005553501E-02    8.9001730223E-04   -4.9578924914E-03
    9.7491515025E-04    5.2956414528E-02   -3.2480582739E-03
   -8.8653315629E-04    2.3762483745E-03   -4.9354097914E-01
   -1.5427031236E-01    7.0589940448E-02    2.4258408634E-01
    7.0613291320E-02    1.3197776950E-01   -5.3296861650E-02
    3.8240087102E-01   -8.7351678800E-02    1.6414571664E-01
   -2.7316966757E-03   -1.6167520286E-01   -1.6597343195E-01
   -1.6196052820E-01   -2.4621268578E-02   -1.7909954726E-01
   -2.6619287637E-01   -2.8770197960E-01    1.6095686391E-01
    1.2254890678E-01    9.0181687115E-02   -7.1501486478E-02
    9.0314914748E-02   -1.4280009180E-01    2.3567762944E-01
   -1.1533941907E-01    3.7265762860E-01    1.6878800203E-01

#
# The IR spectrum
#  wavenumber eps Int TX TY TZ
#
$ir_spectrum
12
      0.00   0.00000000   0.00000000     0.000000     0.000000     0.000000
      0.00   0.00000000   0.00000000     0.000000     0.000000     0.000000
      0.00   0.00000000   0.00000000     0.000000     0.000000     0.000000
      0.00   0.00000000   0.00000000     0.000000     0.000000     0.000000
      0.00   0.00000000   0.00000000     0.000000     0.000000     0.000000
      0.00   0.00000000   0.00000000     0.000000     0.000000     0.000000
    944.45   0.03827386 193.42038207     0.000146    -0.000082     0.112456
   1425.30   0.00056936   2.87733541     0.009681    -0.005526     0.000627
   1432.68   0.00053640   2.71073174    -0.005666    -0.009195    -0.000430
   2924.48   0.01601730  80.94486183     0.000247     0.000115    -0.041341
   3002.79   0.02563165 129.53187086    -0.038073     0.034845     0.000263
   3003.54   0.02591679 130.97285110    -0.035181    -0.038143    -0.000389


$end

